30 ,16166666 1166161,

66166 6166, 166 16166161· Κ66611161166 616 jener in 161 1161166161- ¹
6116616 16611· 1111166111616 81611, 1161616 61666 166161161166 116666
6161116111166, 6661616 1161 16161 166 666166 1111661 11616161-
66166, 116 1161166666 161· 11116161 6616611666 661 jener 11116161
166 (1611166, 116 81666616611616 6666661 11111, 1611161166. 116161
6661 61161161,1611166 Bild des 661611166 81666611611116666 166
161116111661 6661 1661 (161116 11161 661 1616 11666 166 861661166
116116166161161 wind, 1661 61611 6611611 1166 616111166111616111166 4
ist, 6661616 6611611 dieser 1111661661 666616666668166661661166 -
1161661 8611611661116111611116111 6616116616 81611 6111111161, -.
und 1611 1166661661166161116161611661666616 61666 6616116666
8161166 116 11166616 161· 111611611666 166 1161166 1661 Auge ,
6661 dem Gehirn ist: 1116 6661 16 616661 616166166 1161116661
116 1161166666, 1161616 6111 1166166666116661 81616 1616166611,
116 66 116 11161 1611666116611 11111, 6616666 116 0161111616
166 616166166 (1611166616 61611161 111611661611166166 wind.

Man kann auch 66666, 1116 11686666 1611 661611161666,
161161166166 81161166 61166 61116111, 66 611666116 116 86616611116-
11611 1161161116 16111616 661611661, 6661 16161111611666116 1166-
16161 81161166 116 1166616616[61116661661616161 661· 6616666, ¹
als 116 81161166 61611 661611166166 1161166. 125] Denn 1116 '
1166 116 161616161116616116116161116 611111, 11666 611166 11661166
1111166166 666 661 116 86666 11111, 66 wind 66611 1616 161
66161166 81611 616116 6111166, 161· 116 11611116 66161111, 11666 6161-
1611 116 Κ6616 666 116661 61661· 11166616 jener 166116616111616
66161166 811616 661611166166 11111. 1161161 jones 61111116161166-
1166166 166 11161166 16 111661116116111166, 11616166 61611 durch
1116111611 166 661611666 8161166, 6661616 166 661661 116161-
11661666 661 1166661616 16161 116616111666, 16161661666
616111661661166 166 1116666161111111.

861161 11161 116 6611661116 176116161666, 116 1666661616
66616 81666616611616 16111111, 1611616616166 111161 1666116116
Β111166 661611166 816666616666 616 661666 01161166.

LXII. Lehrsatn. 1161166 16116 1161111616 16 6161-
61161· 1116166 6616111, 66 glauben 1111· 616 61611666 Bild
111 66166; 11611611 6161· 116 16116111161111616 16 un-
616161161· 1116166 6616111 6161 1616611, 66 6166161666 666
116 86666611616 16666116161161616611.

11666166 (16666116161116616 1111116166 16161616661166 1661
161661611166 81666661666. 0161, 11666 6166 661616 1611661611
161, 66 1116111 616 6161 1161661· 616161 11111 161 16616111 6666·

616661, 61666666 161616166611611611616166. 111161 166 66161116

 

